IEN = [1, 2, 3, 4; 2, 3, 4, 5];
coord = [0.0 0.0 -1.0
         1.0 0.0 0.0
        -0.5 0.866025404 0.0
        -0.5 -0.866025404 0.0
         0.0 0.0 1.0];
     
